1 20 1
2 10 1
2 1 14
2 5 16
3 7 1
3 3 9
3 6 15
4 8 1
4 1 12
4 1 15
4 4 17
5 7 1
5 1 12
5 1 15
5 4 17
6 5 1
6 1 7
6 1 9
6 2 11
6 1 14
6 5 16
7 5 1
7 1 7
7 2 12
7 5 16
8 6 1
8 1 8
8 1 11
8 4 14
8 2 19
9 4 1
9 1 6
9 2 9
9 4 17
10 3 1
10 1 5
10 2 18
11 5 1
11 2 18
12 2 1
12 2 4
12 1 12
12 4 14
12 1 19
13 2 1
13 1 4
13 2 6
13 1 11
13 1 13
13 1 19
14 3 1
14 2 8
14 4 12
14 2 18
15 6 1
15 1 10
15 3 16
15 1 20
16 3 1
16 1 5
16 3 7
16 1 11
16 4 17
17 3 1
17 1 6
17 2 9
17 1 17
17 2 19
18 1 1
18 2 3
18 1 6
18 1 17
18 2 19
19 2 1
19 1 4
19 1 6
19 4 17
20 2 1
20 1 4
20 2 6
20 1 16
20 3 18