1 11 3
2 1 2
2 1 5
2 1 7
2 1 11
2 2 13
3 1 2
3 3 5
3 1 10
3 2 12
3 1 15
4 1 2
4 3 5
4 2 10
4 1 14
4 1 16
5 1 2
5 3 5
5 1 10
5 1 12
5 3 14
6 1 2
6 3 5
6 2 10
6 1 15
6 1 17
7 1 2
7 1 4
7 2 6
7 1 11
7 3 16
8 1 1
8 4 4
8 1 10
8 1 12
8 1 16
8 1 18
9 1 1
9 3 4
9 1 11
9 1 14
9 1 17
9 1 19
10 1 1
10 3 4
10 2 11
10 2 14
10 3 18
11 1 1
11 3 4
11 1 10
11 1 12
11 2 15
11 1 20
12 1 1
12 4 4
12 1 11
12 1 13
12 1 15
12 2 19
13 1 1
13 2 4
13 1 7
13 2 11
13 1 15
13 1 17
13 1 20
14 1 1
14 1 5
14 1 7
14 2 12
14 1 15
14 1 17
14 1 19
15 1 2
15 4 5
15 2 11
15 2 16
15 2 19
16 1 2
16 4 5
16 2 12
16 1 20
17 1 2
17 3 6
17 1 13
17 3 17
18 1 2
18 1 6
18 2 8
18 1 12
18 1 14
18 1 16
18 1 18
19 1 3
19 3 7
19 1 13
19 3 15
20 12 4